6.938331872118918271e-310 6.938331872118918271e-310 1.436220184760698335e+161
3.325061796511589242e-321 6.938331872084926555e-310 6.938331872084926555e-310
6.080281667895320940e+247 4.974552197853977677e+180 1.925594633114011446e-310
1.436220184629762710e+161 1.384977075136598368e+219 7.734037551811481751e-313
6.242809761231337045e-308 1.333603082542567055e+241 1.952618086930621905e-309
3.999110293906051015e+252 1.746768141169281131e+243 1.693756951123404761e+190
1.759271059272318215e-70 2.865341767146960138e+161 6.988967826935235612e+228
3.834989303576123158e+151 3.122449788770499185e+126 9.589935198149447101e+247
2.584150906601638620e+161 5.293642515169166265e+180 2.301874851881501245e+161
8.282250421098238526e+242 5.756150210039176388e+228 4.764506978310214225e+180
2.865341767156042179e+161 2.615368054588031814e-309 -8.463559378517913698e-37
2.173885219296160646e-312 2.341890236093004413e-305 1.333603534635835533e+241
8.094765602146114188e+160 3.461661456532660816e-306 1.333603614124761859e+241
9.639378080045515905e-310 5.001207195168179912e-162 2.916583746138946613e-312
9.058831946601388478e-306 1.333603653869225022e+241 1.262714815372807778e-309
2.586356035460566046e+161 6.142054401521318362e-312 2.163362825735983247e-307
1.333605303264446282e+241 1.719028790263397905e-309 1.432290924462622166e+89
1.059820850942335108e-311 3.650227327938950798e-299 1.333605422497835771e+241
3.326992320825336527e-309 4.668205027336219915e+180 1.303850366904329556e-311
3.126209138805155751e-296 1.333603147127319695e+241 2.848991548952543752e-310
5.039613027132653023e-266 3.990468804673913786e-08 1.001985192535946282e-309
1.371261473436541425e-231 4.029775288813113395e-270 4.033475881485911652e-270
7.447263005796077221e-251 7.440503843137025266e-251 3.336958148305321297e-289
3.080414628847426709e-289 1.219502918031959549e-202 2.628397881183824514e-221
1.531039546350829722e-231 1.531046917660581064e-231 3.605996572340605525e-239
1.247706516962571476e-211 2.759264062998631654e-306 4.206984016458177175e-309
1.390692381848706319e-309 1.255686219108643270e-125 7.462680045678223225e-231
4.468503851396726525e-212 2.764712740810599663e-306 2.759264062998631654e-306
2.763971295112028858e-306 2.759264062999904050e-306 3.478222146722375671e-321
